1000
1000
1000
1000
999
998
997
996
995
993
992
992
992
991
990
987
986
985
985
984
983
983
983
982
981
981
980
979
975
974
974
972
972
969
968
968
966
964
964
963
961
959
959
957
956
954
954
954
954
953
953
952
950
945
943
941
941
941
939
939
936
936
934
934
934
930
929
928
928
928
927
926
925
924
923
922
922
922
921
919
918
917
917
916
915
915
914
913
910
910
910
908
908
907
903
903
902
901
900
899
899
898
897
896
895
894
894
893
893
891
890
890
890
887
887
887
886
883
881
881
880
880
878
877
877
877
876
873
873
873
873
871
870
869
868
864
863
863
863
862
861
861
860
857
855
850
847
847
846
844
841
840
840
840
839
835
834
833
833
832
831
831
830
829
829
829
828
827
825
824
823
822
822
821
821
820
820
819
818
817
813
812
811
811
811
811
811
810
808
806
806
804
803
803
802
802
802
801
800
800
800
800
799
798
797
796
796
795
795
794
794
793
793
792
790
788
788
787
784
784
783
782
780
780
773
772
771
769
768
766
766
765
765
765
764
764
763
762
761
761
758
758
757
756
755
754
753
753
753
753
752
751
751
751
751
751
750
750
749
746
746
746
746
744
744
743
742
741
741
740
739
737
737
737
735
735
735
734
733
733
733
732
732
732
732
730
729
729
729
729
729
728
727
727
726
724
724
724
723
722
722
720
719
717
716
716
715
714
714
714
713
712
711
705
704
702
701
701
700
697
696
696
695
694
693
692
690
690
690
689
689
689
686
683
683
682
682
682
681
681
680
680
678
678
677
677
676
676
675
674
674
672
671
671
671
669
668
667
666
666
666
666
665
665
664
662
661
659
657
657
655
655
654
651
648
647
646
643
643
642
641
638
636
636
633
632
632
632
630
629
629
629
628
628
627
625
625
623
623
622
622
622
622
622
620
620
617
616
615
614
614
613
613
612
611
610
610
608
608
606
605
605
605
601
601
599
593
593
592
592
591
591
589
588
586
585
584
582
582
580
577
576
575
574
574
574
573
573
572
572
572
571
570
569
569
568
567
567
567
564
564
564
564
561
561
560
560
560
558
557
557
555
554
554
551
550
549
549
549
548
548
547
546
546
545
543
543
542
542
542
542
541
540
540
539
536
534
532
531
528
528
527
527
526
526
525
525
524
522
521
516
513
513
512
512
512
511
510
508
506
506
504
499
498
497
493
492
492
490
489
488
485
484
481
481
479
478
477
477
476
475
473
471
470
468
468
468
467
467
467
461
460
460
456
456
454
452
452
452
451
450
447
446
443
443
442
442
439
438
438
437
436
433
432
432
429
428
428
426
426
422
421
420
420
420
418
417
417
417
416
416
414
413
412
409
409
406
405
405
405
404
404
404
403
402
400
399
399
398
397
397
396
396
394
393
391
391
390
389
388
388
386
384
384
384
382
377
377
377
377
376
375
375
375
374
373
372
372
371
370
370
369
369
367
367
365
365
364
360
359
359
359
358
358
354
354
353
350
350
348
347
346
346
345
345
344
343
343
340
340
340
339
339
338
336
333
332
332
332
331
331
329
324
323
321
320
318
317
317
315
315
315
314
313
311
311
307
305
304
304
302
302
299
298
297
296
295
291
291
291
290
286
286
285
284
284
283
281
281
278
278
277
276
276
275
273
272
272
272
271
271
270
270
269
267
267
266
266
265
265
264
264
262
261
260
258
257
256
255
255
254
254
254
253
249
245
244
244
244
243
243
242
238
237
232
232
227
227
226
226
226
224
223
223
222
221
220
219
219
217
217
214
213
213
209
207
207
205
204
203
202
201
200
199
198
198
196
196
193
193
187
187
186
186
184
184
183
183
182
181
180
179
178
177
176
175
175
174
174
173
173
171
171
171
170
169
168
167
165
165
165
164
164
163
162
161
161
159
159
158
158
157
156
156
156
155
154
152
150
150
150
146
143
143
143
142
142
141
141
139
139
138
138
138
137
133
133
131
131
129
127
121
121
120
120
119
119
118
117
115
114
113
113
113
111
109
106
106
106
106
105
105
104
103
101
101
101
100
100
96
96
96
95
95
93
92
91
90
85
84
84
83
81
81
80
80
80
80
79
76
75
73
72
71
71
71
70
68
67
66
65
64
62
62
62
62
61
61
60
59
58
57
56
55
55
54
53
52
50
50
50
49
48
48
48
47
46
45
43
43
42
41
38
36
36
35
34
34
29
29
26
25
24
24
21
21
18
18
17
17
16
16
16
16
15
15
13
12
10
9
9
7
6
6
6
4
4
3
2
0
