0
2
3
4
4
6
6
6
7
9
9
10
12
13
15
15
16
16
16
16
17
17
18
18
21
21
24
24
25
26
29
29
34
34
35
36
36
38
41
42
43
43
45
46
47
48
48
48
49
50
50
50
52
53
54
55
55
56
57
58
59
60
61
61
62
62
62
62
64
65
66
67
68
70
71
71
71
72
73
75
76
79
80
80
80
80
81
81
83
84
84
85
90
91
92
93
95
95
96
96
96
100
100
101
101
101
103
104
105
105
106
106
106
106
109
111
113
113
113
114
115
117
118
119
119
120
120
121
121
127
129
131
131
133
133
137
138
138
138
139
139
141
141
142
142
143
143
143
146
150
150
150
152
154
155
156
156
156
157
158
158
159
159
161
161
162
163
164
164
165
165
165
167
168
169
170
171
171
171
173
173
174
174
175
175
176
177
178
179
180
181
182
183
183
184
184
186
186
187
187
193
193
196
196
198
198
199
200
201
202
203
204
205
207
207
209
213
213
214
217
217
219
219
220
221
222
223
223
224
226
226
226
227
227
232
232
237
238
242
243
243
244
244
244
245
249
253
254
254
254
255
255
256
257
258
260
261
262
264
264
265
265
266
266
267
267
269
270
270
271
271
272
272
272
273
275
276
276
277
278
278
281
281
283
284
284
285
286
286
290
291
291
291
295
296
297
298
299
302
302
304
304
305
307
311
311
313
314
315
315
315
317
317
318
320
321
323
324
329
331
331
332
332
332
333
336
338
339
339
340
340
340
343
343
344
345
345
346
346
347
348
350
350
353
354
354
358
358
359
359
359
360
364
365
365
367
367
369
369
370
370
371
372
372
373
374
375
375
375
376
377
377
377
377
382
384
384
384
386
388
388
389
390
391
391
393
394
396
396
397
397
398
399
399
400
402
403
404
404
404
405
405
405
406
409
409
412
413
414
416
416
417
417
417
418
420
420
420
421
422
426
426
428
428
429
432
432
433
436
437
438
438
439
442
442
443
443
446
447
450
451
452
452
452
454
456
456
460
460
461
467
467
467
468
468
468
470
471
473
475
476
477
477
478
479
481
481
484
485
488
489
490
492
492
493
497
498
499
504
506
506
508
510
511
512
512
512
513
513
516
521
522
524
525
525
526
526
527
527
528
528
531
532
534
536
539
540
540
541
542
542
542
542
543
543
545
546
546
547
548
548
549
549
549
550
551
554
554
555
557
557
558
560
560
560
561
561
564
564
564
564
567
567
567
568
569
569
570
571
572
572
572
573
573
574
574
574
575
576
577
580
582
582
584
585
586
588
589
591
591
592
592
593
593
599
601
601
605
605
605
606
608
608
610
610
611
612
613
613
614
614
615
616
617
620
620
622
622
622
622
622
623
623
625
625
627
628
628
629
629
629
630
632
632
632
633
636
636
638
641
642
643
643
646
647
648
651
654
655
655
657
657
659
661
662
664
665
665
666
666
666
666
667
668
669
671
671
671
672
674
674
675
676
676
677
677
678
678
680
680
681
681
682
682
682
683
683
686
689
689
689
690
690
690
692
693
694
695
696
696
697
700
701
701
702
704
705
711
712
713
714
714
714
715
716
716
717
719
720
722
722
723
724
724
724
726
727
727
728
729
729
729
729
729
730
732
732
732
732
733
733
733
734
735
735
735
737
737
737
739
740
741
741
742
743
744
744
746
746
746
746
749
750
750
751
751
751
751
751
752
753
753
753
753
754
755
756
757
758
758
761
761
762
763
764
764
765
765
765
766
766
768
769
771
772
773
780
780
782
783
784
784
787
788
788
790
792
793
793
794
794
795
795
796
796
797
798
799
800
800
800
800
801
802
802
802
803
803
804
806
806
808
810
811
811
811
811
811
812
813
817
818
819
820
820
821
821
822
822
823
824
825
827
828
829
829
829
830
831
831
832
833
833
834
835
839
840
840
840
841
844
846
847
847
850
855
857
860
861
861
862
863
863
863
864
868
869
870
871
873
873
873
873
876
877
877
877
878
880
880
881
881
883
886
887
887
887
890
890
890
891
893
893
894
894
895
896
897
898
899
899
900
901
902
903
903
907
908
908
910
910
910
913
914
915
915
916
917
917
918
919
921
922
922
922
923
924
925
926
927
928
928
928
929
930
934
934
934
936
936
939
939
941
941
941
943
945
950
952
953
953
954
954
954
954
956
957
959
959
961
963
964
964
966
968
968
969
972
972
974
974
975
979
980
981
981
982
983
983
983
984
985
985
986
987
990
991
992
992
992
993
995
996
997
998
999
1000
1000
1000
1000
